Australian Bureau of Statistics

"2016 Census - Internal Migration"
"LGA (UR) by LGA (1YRS)"
"Counting: Persons Place of Usual Residence"

Filters:
"Default Summation","Persons Place of Usual Residence"

"LGA (1YRS)","Alpine (S)","Ararat (RC)","Ballarat (C)","Banyule (C)","Bass Coast (S)","Baw Baw (S)","Bayside (C)","Benalla (RC)","Boroondara (C)","Brimbank (C)","Buloke (S)","Campaspe (S)","Cardinia (S)","Casey (C)","Central Goldfields (S)","Colac-Otway (S)","Corangamite (S)","Darebin (C)","East Gippsland (S)","Frankston (C)","Gannawarra (S)","Glen Eira (C)","Glenelg (S)","Golden Plains (S)","Greater Bendigo (C)","Greater Dandenong (C)","Greater Geelong (C)","Greater Shepparton (C)","Hepburn (S)","Hindmarsh (S)","Hobsons Bay (C)","Horsham (RC)","Hume (C)","Indigo (S)","Kingston (C)","Knox (C)","Latrobe (C)","Loddon (S)","Macedon Ranges (S)","Manningham (C)","Mansfield (S)","Maribyrnong (C)","Maroondah (C)","Melbourne (C)","Melton (C)","Mildura (RC)","Mitchell (S)","Moira (S)","Monash (C)","Moonee Valley (C)","Moorabool (S)","Moreland (C)","Mornington Peninsula (S)","Mount Alexander (S)","Moyne (S)","Murrindindi (S)","Nillumbik (S)","Northern Grampians (S)","Port Phillip (C)","Pyrenees (S)","Queenscliffe (B)","South Gippsland (S)","Southern Grampians (S)","Stonnington (C)","Strathbogie (S)","Surf Coast (S)","Swan Hill (RC)","Towong (S)","Wangaratta (RC)","Warrnambool (C)","Wellington (S)","West Wimmera (S)","Whitehorse (C)","Whittlesea (C)","Wodonga (C)","Wyndham (C)","Yarra (C)","Yarra Ranges (S)","Yarriambiack (S)","Capital City Undefined (Greater Melbourne)","Unincorporated Vic","No Usual Address (Vic.)","Migratory - Offshore - Shipping (Vic.)","State Undefined (Vic.)","Total",
"LGA (UR)",
"Alpine (S)",10359,0,0,3,0,6,8,3,14,0,0,5,4,8,0,3,4,12,0,9,0,7,0,10,5,0,13,3,4,0,7,0,0,19,8,11,4,0,5,0,3,4,11,6,0,4,0,3,5,9,3,13,9,0,0,0,0,0,3,0,0,7,0,4,0,0,0,12,37,3,3,0,15,5,29,7,4,10,0,4,11,4,0,12,10802,
"Ararat (RC)",4,9265,49,6,0,0,0,0,7,3,0,0,9,3,4,4,9,4,3,7,0,0,10,8,3,6,17,0,4,0,3,6,3,0,0,0,6,0,0,0,0,0,0,0,4,5,0,0,6,0,3,4,7,0,6,0,4,75,5,15,0,0,13,3,0,0,4,0,0,5,0,6,0,0,0,12,9,0,6,4,0,5,0,13,9684,
"Ballarat (C)",4,109,85943,49,14,21,22,4,52,38,20,39,14,51,106,35,54,64,22,28,15,34,31,384,98,31,275,26,260,23,52,113,54,9,33,30,42,5,45,28,11,60,38,82,109,67,23,15,50,75,326,61,54,37,43,6,3,118,46,151,0,8,45,26,4,29,23,0,12,56,24,8,38,50,8,118,43,23,31,15,0,25,0,146,90368,
"Banyule (C)",12,5,26,102254,18,15,33,3,540,57,3,16,20,41,3,5,3,1184,12,33,7,70,5,3,41,36,43,41,5,0,74,4,120,0,30,68,7,0,8,497,3,72,113,273,31,7,48,14,139,118,0,314,62,8,0,10,708,0,117,0,0,11,0,110,4,14,8,3,4,14,18,0,228,985,21,80,307,55,0,48,3,8,0,46,109352,
"Bass Coast (S)",5,0,10,29,27123,52,14,3,39,14,0,8,158,179,5,0,0,16,39,99,4,16,4,0,15,31,12,7,5,0,20,5,14,0,57,85,54,0,3,40,3,9,74,15,10,4,5,11,47,26,0,16,97,0,0,9,17,0,25,6,0,214,6,18,0,0,3,0,0,4,25,0,63,14,9,24,15,118,9,7,4,8,0,26,29121,
"Baw Baw (S)",0,0,16,16,60,40455,11,0,25,4,0,6,647,420,0,0,4,23,44,67,0,18,3,0,10,76,14,4,0,0,4,0,5,0,30,77,393,8,9,24,0,4,21,7,3,0,3,4,67,4,3,8,75,0,0,3,8,0,16,0,0,117,0,14,0,0,4,0,5,0,67,0,26,5,0,26,12,82,0,8,0,10,0,39,43156,
"Bayside (C)",0,0,9,34,3,7,80661,4,215,29,0,3,14,86,0,0,3,51,5,123,0,1227,4,3,16,78,27,9,10,0,46,0,16,0,986,47,6,0,9,39,8,54,17,224,24,9,11,0,218,25,0,75,163,0,0,0,8,0,868,0,0,3,0,399,4,7,3,0,4,3,0,0,91,15,0,56,157,21,0,43,3,3,0,23,86325,
"Benalla (RC)",6,0,3,7,0,8,4,11703,5,3,0,8,9,27,5,0,0,12,7,27,4,3,0,3,8,0,6,38,0,0,7,0,8,7,3,3,5,0,4,0,25,0,6,0,4,0,0,29,6,8,3,7,7,0,0,8,0,6,5,4,0,0,0,0,29,0,5,0,65,8,0,0,9,3,8,14,4,20,0,0,0,3,0,19,12226,
"Boroondara (C)",7,8,70,323,41,33,128,6,136770,116,11,14,66,205,5,8,10,401,23,74,5,394,0,6,63,95,128,43,3,0,91,7,40,13,90,219,38,3,21,749,10,132,191,863,45,21,22,12,761,166,18,245,124,20,5,7,81,8,388,0,6,26,15,1241,0,25,3,3,24,11,22,0,1484,112,22,159,933,134,6,69,9,6,0,51,147810,
"Brimbank (C)",4,14,39,58,4,7,14,6,63,164542,0,8,12,99,4,4,3,182,4,21,0,56,4,0,28,158,130,21,22,6,326,0,392,4,48,31,6,0,38,31,4,1580,23,229,1327,35,26,10,58,681,31,282,19,9,0,0,19,7,77,5,0,0,0,30,3,0,13,0,0,16,3,0,70,174,4,537,140,9,0,78,0,28,0,63,171982,
"Buloke (S)",0,0,11,0,0,0,0,0,4,7,5199,0,0,4,6,5,3,9,0,3,3,0,0,0,20,0,3,0,6,0,0,14,4,0,0,0,0,5,0,0,0,0,0,0,3,9,0,0,3,3,3,0,0,0,0,0,0,25,0,3,0,0,0,0,0,0,16,0,0,0,0,0,4,0,0,10,0,0,10,0,0,5,0,4,5433,
"Campaspe (S)",3,0,36,9,5,10,0,0,12,20,10,31600,16,21,0,0,3,10,7,31,36,3,4,0,107,9,23,169,3,0,4,3,21,0,3,9,7,13,19,4,0,0,27,4,12,24,20,46,16,10,5,10,31,0,3,0,9,3,7,0,0,0,4,3,12,4,14,4,3,13,9,0,12,32,8,34,3,18,0,0,4,6,0,9,32678,
"Cardinia (S)",8,3,14,15,97,266,23,9,35,35,6,13,77116,3218,0,4,0,19,46,292,0,91,0,0,26,458,33,19,0,5,13,3,34,5,180,466,130,4,0,34,0,16,151,25,45,7,16,13,226,27,0,28,127,0,0,3,12,0,39,0,0,99,0,47,6,0,4,0,0,13,39,0,114,37,6,39,13,383,0,72,0,14,0,50,84415,
"Casey (C)",10,7,20,74,111,114,110,12,174,96,0,17,1463,251900,11,13,0,82,45,1794,11,445,9,0,46,4204,68,105,4,0,52,18,56,6,785,1116,116,3,14,145,8,39,302,130,74,19,3,17,1549,52,6,70,485,6,0,18,16,0,111,3,0,75,9,182,7,0,31,3,19,7,40,0,423,159,10,161,44,308,0,154,0,20,0,101,267918,
"Central Goldfields (S)",0,3,55,3,0,3,0,0,0,13,6,8,7,15,11079,6,5,3,4,11,0,5,3,5,70,15,19,0,17,0,4,3,11,0,12,3,0,27,8,3,0,3,4,4,12,4,0,9,4,0,0,8,11,22,4,4,0,14,0,49,0,5,0,0,0,5,0,0,0,0,0,0,0,10,5,21,3,9,3,4,0,9,0,29,11677,
"Colac-Otway (S)",0,0,22,3,4,0,6,4,15,12,0,14,0,5,0,18039,64,3,0,3,0,12,10,12,11,6,117,11,0,6,13,3,6,0,0,4,0,0,8,3,0,5,0,5,9,9,0,7,0,16,6,17,5,0,4,8,10,6,9,0,0,0,11,0,0,67,4,0,6,14,0,0,3,3,3,33,4,6,4,0,0,7,0,20,18736,
"Corangamite (S)",0,0,28,0,0,0,0,0,6,14,0,0,8,13,0,63,13723,5,0,7,0,0,4,12,0,6,31,3,0,0,3,3,5,0,0,3,3,0,0,0,4,0,0,3,12,4,0,0,0,5,7,0,0,0,87,0,3,5,4,0,0,4,12,3,0,8,0,4,0,50,7,0,0,10,0,9,3,0,0,0,0,3,0,18,14229,
"Darebin (C)",3,9,65,1065,11,19,31,8,558,133,5,28,29,63,4,4,20,115948,8,44,3,143,13,4,72,38,113,58,7,3,60,10,228,13,66,52,26,0,27,220,3,183,71,653,58,25,26,14,116,236,9,1550,50,17,19,15,179,3,256,0,4,41,8,251,5,17,4,3,13,25,17,8,231,1109,32,111,1475,86,5,90,0,27,0,75,126347,
"East Gippsland (S)",11,7,14,10,8,25,11,9,21,9,0,8,46,72,0,11,0,18,37943,56,3,20,0,3,24,12,16,11,4,0,14,0,10,0,50,50,77,0,11,11,9,12,30,15,12,0,5,7,20,8,13,21,73,3,3,5,12,6,13,0,0,11,0,11,0,4,0,0,25,6,122,0,21,20,4,28,11,46,0,4,3,14,0,31,39259,
"Frankston (C)",7,0,21,50,46,56,182,7,67,27,0,5,169,1012,5,0,0,42,18,111607,7,262,10,6,31,381,49,7,6,0,55,10,34,7,1421,287,57,8,18,61,4,42,107,66,31,14,11,8,295,20,6,49,1463,15,7,12,25,5,132,5,0,20,0,85,3,3,8,0,10,8,47,0,165,42,7,58,54,113,0,59,4,21,0,87,119123,
"Gannawarra (S)",0,0,9,5,0,12,0,0,0,0,5,15,0,0,0,3,0,3,0,12,9089,0,0,3,30,3,7,4,3,0,0,0,0,0,3,0,0,13,0,0,0,0,0,3,9,3,0,0,6,4,3,0,8,0,0,8,0,0,0,0,0,0,0,0,3,0,24,0,0,0,0,0,9,13,0,0,0,7,0,0,0,0,0,18,9365,
"Glen Eira (C)",4,4,26,67,18,28,982,6,392,74,0,6,63,264,0,5,3,107,17,152,0,114898,0,3,27,232,52,15,6,0,103,10,20,6,735,149,27,0,6,61,0,125,50,581,30,19,7,3,1164,87,6,137,76,4,0,10,9,0,1371,0,4,15,6,1288,0,8,8,0,7,4,9,0,225,58,16,127,170,49,0,51,0,14,0,65,124367,
"Glenelg (S)",0,14,18,0,5,0,0,0,5,3,0,0,3,0,0,6,7,8,0,9,0,3,16798,0,7,7,34,3,0,0,3,17,6,0,3,9,3,0,0,4,0,6,0,12,4,14,3,5,6,3,3,0,5,0,17,0,0,3,0,0,0,0,48,0,0,7,4,0,0,19,0,6,12,6,3,18,5,24,3,0,0,6,0,13,17253,
"Golden Plains (S)",0,5,388,5,0,0,7,0,5,7,0,0,10,3,5,4,5,6,5,4,0,0,0,18430,3,0,592,0,4,0,11,3,8,0,0,3,3,0,0,0,0,12,4,6,34,4,5,0,4,4,26,5,5,0,5,5,0,11,0,22,3,0,6,4,0,26,0,0,0,5,0,0,3,7,0,56,0,0,0,0,0,0,0,13,19824,
"Greater Bendigo (C)",10,21,92,59,23,19,16,19,42,46,56,280,19,84,58,18,3,98,7,46,88,27,6,7,94123,25,83,148,18,9,22,35,66,14,32,52,15,151,144,10,8,27,23,60,59,89,74,57,61,42,14,71,51,223,4,18,16,28,46,8,0,8,21,38,18,3,90,0,25,30,8,5,52,46,23,82,40,49,14,19,0,30,0,79,97751,
"Greater Dandenong (C)",0,0,23,37,7,27,94,0,76,171,0,0,165,1586,5,11,0,72,11,237,0,299,0,0,20,125411,37,51,0,0,43,6,59,3,983,242,29,0,3,67,0,77,70,91,60,20,0,3,1372,39,0,68,84,4,0,3,6,0,87,0,0,11,0,108,3,0,33,3,9,0,14,7,308,111,8,122,39,49,0,59,0,27,0,77,132766,
"Greater Geelong (C)",29,47,354,100,24,28,66,15,214,155,27,61,35,75,34,219,67,204,42,78,9,93,66,376,221,51,198137,117,28,9,246,94,123,6,75,77,60,11,78,56,110,153,83,186,162,57,52,27,115,178,82,242,69,28,46,22,49,38,156,15,136,20,63,129,8,746,38,5,35,137,46,3,152,127,29,714,135,81,25,36,4,43,0,172,206568,
"Greater Shepparton (C)",9,0,26,11,10,15,3,35,20,21,6,215,11,49,5,0,4,20,12,30,10,10,3,0,99,52,38,53473,4,0,11,5,34,7,8,36,14,6,6,8,9,10,19,30,17,15,36,214,9,18,4,29,29,3,6,0,5,3,9,0,0,0,8,6,66,0,9,0,12,4,3,0,14,43,25,23,15,20,0,13,0,16,0,68,55137,
"Hepburn (S)",5,3,202,11,3,0,12,0,18,12,4,3,5,9,13,0,0,37,3,10,0,13,0,9,19,0,27,0,12568,0,18,3,24,0,8,4,0,0,48,9,0,19,3,15,17,4,3,0,11,21,22,24,9,16,0,0,4,0,29,4,0,0,10,26,0,4,7,0,3,4,0,0,17,7,0,13,13,13,0,0,0,8,0,7,13443,
"Hindmarsh (S)",4,0,0,0,0,0,0,0,0,0,0,8,3,3,0,0,0,8,0,4,0,0,0,0,0,0,11,4,0,4917,0,34,0,4,9,0,0,0,10,0,0,0,3,3,5,9,0,0,0,0,0,0,0,0,0,0,0,4,0,3,0,0,0,0,0,3,0,0,0,0,0,6,0,3,0,11,0,6,10,0,0,0,0,7,5109,
"Hobsons Bay (C)",3,0,47,70,0,12,36,8,106,289,0,8,9,34,0,3,8,112,15,8,3,94,0,10,17,34,145,12,5,0,73513,3,91,8,50,41,9,0,18,41,0,724,19,320,146,15,5,0,64,150,36,147,20,7,3,0,16,3,320,0,4,8,0,128,4,22,9,0,3,6,9,0,49,53,0,1033,132,20,0,28,0,13,0,50,78435,
"Horsham (RC)",0,9,37,3,0,3,0,5,11,6,15,4,5,10,6,0,0,7,3,0,0,0,9,0,15,5,27,0,0,84,5,17109,5,0,0,0,7,0,0,5,0,0,10,0,9,15,0,0,0,6,3,3,5,0,4,0,0,19,5,11,0,4,21,0,0,0,8,0,0,10,0,25,7,5,3,21,0,3,108,0,0,0,0,14,17726,
"Hume (C)",0,6,43,137,14,13,16,0,64,599,0,18,36,117,8,4,0,474,3,22,4,41,11,0,73,122,70,82,9,0,103,15,166323,9,57,48,8,4,344,39,0,159,44,138,447,48,249,9,68,699,36,2007,33,18,5,12,29,3,63,3,0,12,3,49,0,3,16,0,6,7,8,4,58,1012,15,271,70,28,0,62,0,15,0,84,174739,
"Indigo (S)",42,0,0,10,0,6,3,7,11,4,0,8,0,8,0,0,0,16,3,6,0,4,0,0,0,0,5,7,3,0,0,0,0,13414,6,12,0,0,0,5,0,3,6,6,0,0,8,10,0,3,3,10,3,0,0,0,6,0,9,0,0,6,0,9,0,4,7,14,74,0,0,0,8,10,166,3,7,8,0,4,0,6,0,9,14020,
"Kingston (C)",0,4,35,60,23,26,1301,6,217,62,0,7,96,466,0,0,0,75,23,782,0,1387,9,0,12,629,55,10,5,0,51,6,39,0,126155,151,30,0,3,57,3,66,75,185,28,14,16,4,1042,52,5,100,263,11,0,13,10,0,462,0,0,10,0,325,0,8,5,0,15,0,11,0,218,45,3,93,94,61,0,51,4,13,0,67,135125,
"Knox (C)",5,0,18,59,22,27,33,3,227,67,0,13,145,467,9,5,0,75,16,118,0,166,0,0,15,285,41,9,0,0,28,0,21,0,170,132488,18,0,4,267,0,28,984,96,27,21,9,3,1680,52,0,45,85,4,0,0,21,8,63,0,0,9,4,149,0,8,3,0,0,9,31,0,1156,78,21,68,61,963,0,80,0,14,0,60,140691,
"Latrobe (C)",3,5,18,9,37,383,11,3,27,10,0,4,107,145,9,3,0,14,103,68,0,14,14,0,24,52,24,17,0,0,13,7,26,0,35,42,62050,3,8,13,0,11,28,26,13,7,16,3,34,17,8,29,46,6,0,0,0,5,18,6,0,81,8,20,0,0,11,0,7,5,261,0,26,18,0,30,14,32,0,12,0,8,0,71,64175,
"Loddon (S)",0,0,0,0,0,0,0,0,0,0,3,7,4,10,18,0,3,0,0,6,3,0,0,0,76,0,5,8,0,0,3,0,5,0,4,3,0,6229,5,4,0,0,0,0,11,5,5,3,0,4,0,4,0,3,0,0,0,4,0,0,0,0,0,0,0,0,3,0,0,0,0,0,0,3,0,3,0,12,0,8,0,6,0,3,6502,
"Macedon Ranges (S)",4,0,11,54,0,0,15,15,42,100,3,9,14,27,8,3,0,105,0,5,0,27,0,0,75,3,22,7,51,0,85,4,344,0,10,9,0,0,39198,27,8,55,13,65,169,4,64,4,13,119,39,133,26,64,0,10,5,0,46,0,4,4,0,21,0,3,0,0,0,6,0,0,32,35,0,92,37,17,3,22,0,3,0,18,41433,
"Manningham (C)",3,0,11,365,5,0,13,0,773,76,0,5,17,84,0,0,0,232,13,26,0,65,0,3,8,53,40,10,0,0,45,0,81,0,74,173,13,0,9,99331,0,62,387,333,36,4,11,4,257,60,6,122,57,0,0,0,175,0,98,0,0,9,0,106,0,4,13,0,7,10,4,0,1291,267,13,83,171,141,0,30,5,5,0,41,105346,
"Mansfield (S)",4,0,5,14,0,0,13,11,19,0,0,0,9,15,0,0,3,11,4,9,0,9,0,0,7,4,56,13,0,0,11,0,8,0,3,18,4,0,8,15,6934,0,31,3,9,0,6,0,9,5,0,9,25,0,0,18,0,0,3,0,0,5,3,34,10,8,0,0,4,0,0,0,17,30,4,4,3,45,0,0,7,0,0,3,7508,
"Maribyrnong (C)",3,9,61,53,13,14,44,0,168,780,0,8,18,38,4,3,4,183,17,26,5,91,0,12,34,58,157,24,3,4,552,0,149,0,39,22,17,6,37,46,4,63291,36,849,171,15,13,15,87,683,15,461,30,15,0,0,20,5,329,3,0,7,8,177,7,24,16,3,9,4,10,0,79,97,12,363,299,38,0,22,0,13,0,39,69972,
"Maroondah (C)",0,0,19,95,21,14,20,0,305,24,0,10,52,123,0,0,0,92,14,72,0,69,0,4,33,67,37,15,4,0,19,0,24,0,63,971,12,0,5,845,0,40,92596,87,29,0,8,11,308,43,5,91,55,0,0,14,101,4,45,3,0,5,0,89,0,5,6,0,0,3,3,0,1323,93,3,63,71,1519,0,67,0,14,0,46,99816,
"Melbourne (C)",10,11,122,227,34,33,162,4,876,227,10,26,31,169,9,18,9,511,24,72,5,546,9,10,92,116,258,63,21,5,198,18,140,12,173,138,49,9,68,308,8,472,79,82930,98,27,46,23,711,712,17,933,117,11,6,10,72,8,948,4,4,16,18,859,8,48,11,0,14,25,24,0,468,143,14,326,1011,94,0,100,3,22,0,84,95362,
"Melton (C)",0,3,89,46,14,8,6,7,35,3138,0,19,20,86,16,4,8,107,9,33,4,28,6,8,55,82,117,36,21,5,212,5,433,0,38,21,18,5,77,14,0,274,19,129,111733,30,32,13,45,292,323,257,20,11,0,0,8,11,45,7,0,0,0,27,0,5,18,0,3,7,12,5,28,165,10,796,39,22,8,20,0,19,0,63,119334,
"Mildura (RC)",5,3,29,11,3,10,0,4,9,21,16,4,15,18,0,7,3,11,8,10,4,10,11,0,43,19,34,21,13,6,10,23,18,0,5,6,11,5,4,7,0,16,6,13,20,44942,5,5,10,15,0,9,17,0,5,0,3,0,10,3,0,7,10,13,0,0,98,0,0,13,0,4,24,17,0,20,10,16,22,0,0,21,0,97,45911,
"Mitchell (S)",4,4,3,84,11,3,8,7,17,47,0,12,16,39,0,6,5,88,14,15,0,4,0,5,60,4,18,30,0,0,17,7,527,3,14,14,4,9,62,38,0,11,14,12,56,9,33136,27,9,31,7,84,26,3,7,49,41,0,5,0,0,4,3,6,63,3,0,0,3,5,8,0,42,494,11,56,8,50,0,8,0,4,0,24,35528,
"Moira (S)",12,0,8,15,3,3,3,33,4,0,0,56,23,36,6,3,9,5,5,15,5,10,0,9,32,8,20,193,0,0,9,0,27,5,12,27,6,4,11,0,11,7,15,14,5,7,17,24387,6,9,8,3,15,0,0,7,3,0,3,0,0,5,5,3,4,4,10,3,47,0,9,0,5,15,11,21,12,26,0,0,0,9,0,18,25345,
"Monash (C)",4,5,53,120,23,45,124,11,715,135,5,10,119,793,0,6,5,139,29,173,5,1155,5,4,47,862,102,43,7,3,71,8,57,3,628,723,57,0,18,189,3,80,120,687,47,34,17,9,147814,79,8,150,103,12,4,5,18,7,239,4,3,19,13,765,6,17,13,0,18,18,27,0,1136,96,16,219,132,112,0,67,0,7,0,69,158682,
"Moonee Valley (C)",5,0,57,96,13,3,24,4,140,676,0,9,9,40,4,3,0,267,13,14,0,91,5,5,48,26,94,22,11,0,131,5,641,3,39,28,13,0,93,55,0,661,18,980,246,12,21,16,93,95205,28,1297,36,14,0,4,23,0,219,0,0,6,9,153,3,25,10,0,14,12,14,0,71,133,10,194,225,22,0,40,0,16,0,45,102544,
"Moorabool (S)",0,5,175,11,7,3,0,0,14,84,0,7,5,10,0,0,0,15,0,6,4,6,3,29,18,4,65,8,29,0,43,0,42,0,6,18,4,6,39,4,4,36,0,23,364,4,5,0,9,19,27023,23,14,7,5,0,4,10,17,6,0,0,0,9,0,3,0,0,0,0,0,0,14,13,0,344,4,23,0,0,0,0,0,19,28693,
"Moreland (C)",3,4,56,268,14,15,50,3,404,284,3,14,25,100,0,12,6,1339,28,45,3,201,10,14,117,62,148,56,10,0,165,8,1138,3,63,82,21,3,66,104,4,404,55,1696,153,28,54,9,165,1229,14,128215,62,28,6,9,93,3,384,4,0,11,0,334,9,24,8,0,14,22,16,0,156,412,15,174,1188,66,0,77,6,15,0,102,140177,
"Mornington Peninsula (S)",8,5,22,82,53,50,320,3,293,38,0,11,148,524,7,7,6,118,53,1523,7,228,6,0,25,101,49,20,4,3,48,9,66,4,440,276,27,0,18,206,13,37,191,92,31,18,23,17,269,64,5,68,131334,11,4,24,77,6,186,9,0,43,4,195,8,8,0,0,12,5,21,0,254,88,21,56,113,237,0,27,14,24,0,56,138492,
"Mount Alexander (S)",0,0,16,16,0,8,0,5,10,3,0,0,4,4,19,6,3,64,4,8,0,9,0,0,125,7,26,4,21,0,19,0,7,0,9,16,3,0,67,4,0,28,10,15,9,7,5,0,3,18,3,60,3,15108,4,0,8,3,18,0,0,0,0,17,0,6,9,0,0,0,0,0,10,10,0,9,31,17,0,6,0,0,0,16,15943,
"Moyne (S)",0,11,28,5,0,3,3,0,4,5,0,0,12,0,0,16,95,6,0,0,0,0,19,4,9,3,36,7,3,0,0,14,0,3,0,0,4,3,0,0,0,3,3,6,10,6,10,3,5,9,0,0,0,9,13859,0,0,0,11,0,0,4,53,9,0,3,3,0,0,376,4,0,6,0,0,11,5,11,0,0,0,6,0,14,14717,
"Murrindindi (S)",0,0,0,33,5,5,9,5,15,0,0,3,17,7,0,4,0,21,7,16,0,4,0,0,0,0,11,3,0,0,0,0,3,4,3,18,0,0,5,14,11,0,37,3,15,0,25,9,4,6,0,12,11,0,0,11452,34,0,3,0,0,0,0,3,3,0,3,0,10,0,0,0,23,84,4,0,0,169,0,8,0,6,0,3,12170,
"Nillumbik (S)",6,0,6,938,3,0,16,5,136,13,0,3,7,16,0,0,3,185,0,10,0,23,0,0,10,4,12,0,5,0,14,0,52,0,14,27,0,0,5,268,0,26,85,52,14,0,15,0,25,18,4,91,14,5,0,20,53384,9,51,0,0,0,0,30,0,7,4,0,0,0,3,0,95,432,0,23,77,60,0,23,0,3,0,27,56383,
"Northern Grampians (S)",0,53,24,6,0,0,0,0,7,0,14,3,0,9,4,3,0,3,0,14,0,0,0,4,25,0,21,0,3,8,7,38,7,3,0,3,0,0,9,4,0,0,0,0,8,7,0,0,0,4,6,3,0,0,0,0,0,9821,6,6,0,0,5,0,0,0,5,0,0,7,0,4,5,0,0,17,6,3,14,0,0,0,0,11,10230,
"Port Phillip (C)",5,0,58,102,21,26,620,8,444,85,0,14,40,145,0,3,3,215,15,131,0,912,0,5,43,75,106,17,10,0,142,0,77,4,302,113,28,5,30,92,0,199,57,1338,41,14,13,3,300,205,12,331,152,10,0,3,28,3,71658,3,5,6,5,1349,5,18,7,0,3,10,18,0,183,84,7,165,489,90,0,60,9,23,0,65,80863,
"Pyrenees (S)",0,18,89,0,0,0,0,0,0,11,0,0,0,0,38,3,0,0,0,0,3,0,3,21,6,3,9,0,9,0,5,5,5,0,0,0,0,0,0,0,0,0,6,0,16,0,0,0,0,3,11,3,14,6,0,0,0,0,4,5716,0,0,0,0,0,0,0,0,0,0,4,5,0,0,0,12,0,6,0,0,0,0,0,7,6071,
"Queenscliffe (B)",0,0,5,5,0,0,7,0,11,0,0,0,0,0,0,0,0,3,0,0,0,0,0,0,0,0,67,0,4,0,0,0,0,0,0,0,0,0,0,0,0,0,3,3,0,0,0,0,0,5,0,9,0,0,0,0,4,0,9,0,2310,0,0,5,0,6,0,0,0,0,3,0,6,0,0,0,6,0,0,3,0,0,0,0,2501,
"South Gippsland (S)",0,0,12,21,136,72,14,0,19,3,0,3,125,163,0,0,0,16,8,76,0,21,0,0,5,24,5,3,0,0,0,7,6,0,30,24,83,0,3,8,4,5,24,0,0,7,3,6,26,0,5,10,97,0,0,7,8,0,17,0,0,24181,5,11,3,8,0,0,3,0,82,0,19,3,0,7,10,25,0,0,5,10,0,35,25521,
"Southern Grampians (S)",4,13,33,0,8,0,0,0,3,5,0,0,4,10,0,3,16,6,0,9,3,10,78,4,11,0,39,0,4,0,0,5,7,0,0,0,0,0,7,5,0,4,6,6,3,8,9,0,3,8,4,3,8,0,33,0,0,0,0,7,0,6,13897,3,0,0,0,0,8,26,0,5,3,7,0,10,0,4,3,0,0,4,0,14,14375,
"Stonnington (C)",3,4,63,118,29,29,257,4,1160,57,0,6,55,186,3,4,0,150,23,84,3,1005,0,4,28,94,117,18,4,0,79,4,37,10,201,144,29,0,16,98,10,144,79,1216,36,17,13,8,794,146,12,263,163,11,6,7,32,0,1202,0,8,16,12,76870,5,23,0,0,6,10,0,0,270,53,4,97,679,61,4,62,8,14,0,74,86547,
"Strathbogie (S)",9,0,3,5,5,6,0,25,6,6,0,9,5,15,4,0,0,8,3,4,3,3,3,5,9,5,12,62,0,0,0,0,8,5,5,6,0,0,4,5,9,0,3,4,0,0,70,5,10,18,8,8,11,0,0,10,7,0,7,4,0,6,6,5,8561,0,0,0,3,0,0,0,0,17,5,14,9,22,0,0,0,0,0,7,9062,
"Surf Coast (S)",0,4,35,24,13,3,42,0,56,11,3,7,6,19,3,37,17,25,5,15,4,20,5,23,31,0,630,7,14,0,42,10,22,3,28,21,4,0,22,9,8,31,6,35,26,6,13,3,8,64,8,42,8,3,6,0,25,0,53,3,5,4,10,32,5,24516,4,0,0,19,3,0,39,7,0,68,31,19,0,5,7,9,0,11,26359,
"Swan Hill (RC)",0,0,21,5,4,0,0,0,9,6,29,3,6,14,0,9,0,4,8,0,24,0,0,0,32,5,11,11,0,0,3,12,11,0,0,9,0,8,6,0,0,7,4,3,5,63,5,3,6,5,0,7,8,8,3,0,0,4,0,0,0,9,4,0,0,0,16759,0,3,7,4,0,3,0,0,32,0,5,5,4,0,4,0,9,17217,
"Towong (S)",3,0,10,0,0,0,0,0,0,0,0,3,4,11,5,0,0,0,3,0,0,0,0,0,3,0,0,5,0,0,6,0,0,27,0,4,3,0,0,3,0,0,3,5,0,0,0,0,0,0,0,4,6,0,0,0,0,0,3,0,0,0,0,0,0,0,0,5037,4,0,0,0,3,6,47,0,0,5,0,6,0,0,0,5,5233,
"Wangaratta (RC)",66,0,19,10,0,11,4,84,13,3,3,14,3,11,0,0,0,14,3,0,9,8,0,0,13,6,30,20,0,6,6,0,16,57,5,12,4,3,9,10,17,10,8,19,0,4,6,36,9,9,0,14,8,0,4,0,14,0,4,0,0,0,0,6,18,3,8,4,24383,5,0,0,11,11,34,15,10,7,0,0,3,4,0,16,25159,
"Warrnambool (C)",3,4,43,24,10,0,5,0,15,4,0,0,4,21,0,24,92,12,3,8,0,7,65,9,27,9,95,7,0,0,11,21,7,4,13,11,14,0,4,0,0,15,13,13,26,11,4,3,13,8,4,18,25,0,380,0,5,6,11,0,3,3,46,8,5,7,4,0,0,28045,0,0,10,10,8,29,9,7,0,0,0,12,0,60,29405,
"Wellington (S)",5,0,9,21,14,55,9,6,15,17,0,6,36,71,8,8,4,11,133,36,3,21,0,4,16,18,14,4,0,0,14,5,7,4,13,29,258,4,0,0,0,11,19,18,8,13,6,3,20,10,0,16,44,0,5,3,0,0,10,0,0,28,0,13,0,0,0,11,0,0,35769,3,20,10,3,19,5,60,0,0,0,8,0,39,37026,
"West Wimmera (S)",0,0,5,0,0,0,0,0,0,0,0,0,0,0,0,3,0,0,0,0,0,0,4,0,3,0,0,0,0,10,0,18,0,0,0,0,3,0,0,0,0,0,0,0,6,3,0,0,0,0,0,0,0,0,0,0,0,3,0,3,0,0,8,0,0,0,3,0,0,3,0,3408,0,0,0,0,0,3,0,0,0,0,0,3,3515,
"Whitehorse (C)",12,9,38,182,32,26,63,4,1831,107,4,13,47,221,0,6,6,211,35,52,3,233,6,4,48,163,99,24,5,0,44,9,51,3,163,663,44,0,17,1049,6,117,671,542,50,21,14,13,1432,96,3,162,67,0,10,9,73,10,189,0,0,20,10,299,4,8,14,4,12,10,28,7,133559,152,23,142,219,275,4,78,0,10,0,41,143934,
"Whittlesea (C)",4,0,59,1491,30,10,19,6,147,263,6,19,33,119,8,8,3,2561,15,46,4,67,0,0,85,99,99,105,0,0,70,7,854,6,58,105,16,0,21,339,4,110,118,200,140,9,240,17,132,158,20,720,54,6,3,81,674,9,74,0,0,8,12,67,11,9,9,0,17,16,13,0,191,165662,19,202,107,83,4,97,0,18,0,90,176187,
"Wodonga (C)",62,5,15,10,5,4,8,18,9,14,3,13,3,24,0,3,0,16,10,8,5,0,5,0,40,13,31,27,9,0,12,0,20,249,14,19,4,0,3,13,13,10,18,18,9,19,18,32,24,10,4,21,10,0,5,0,4,7,6,0,0,5,6,9,0,5,0,100,59,11,7,0,13,19,32277,18,10,21,0,3,0,8,0,25,33507,
"Wyndham (C)",7,11,106,80,17,19,52,10,176,1270,3,4,39,141,4,24,7,184,12,47,0,317,5,16,52,215,494,80,22,28,1900,16,235,0,105,90,38,5,25,54,3,702,83,565,391,26,41,13,292,307,81,428,35,5,8,6,8,12,269,9,0,3,0,196,0,19,16,0,7,39,22,0,179,214,32,178161,127,22,5,99,4,21,0,108,188486,
"Yarra (C)",3,5,44,252,16,13,121,4,1099,86,0,5,24,70,0,13,0,773,17,42,0,219,7,4,40,45,115,21,13,0,82,6,60,10,83,106,24,0,33,159,5,176,123,1683,33,16,5,9,187,268,7,789,111,14,5,0,89,5,554,0,3,15,3,782,3,33,8,0,8,21,12,0,274,111,8,65,61418,94,0,62,8,20,0,54,70670,
"Yarra Ranges (S)",0,0,15,79,19,28,54,4,165,26,0,15,220,216,3,6,8,86,19,87,10,72,0,0,31,53,37,22,0,4,22,3,48,3,52,1299,15,0,5,302,17,23,2141,64,19,20,14,3,160,24,12,92,62,8,9,75,61,7,60,3,0,19,4,68,5,3,3,3,4,11,10,6,581,71,14,55,66,129210,0,63,0,28,0,70,136225,
"Yarriambiack (S)",0,5,17,0,9,0,0,0,0,6,6,5,0,0,0,0,0,5,0,3,0,0,8,0,4,0,8,0,3,17,3,54,0,0,0,3,5,3,0,0,0,0,5,3,11,8,0,0,0,3,0,0,4,0,0,0,0,10,0,4,0,0,5,0,0,0,0,0,0,0,0,0,0,0,0,8,5,7,5653,0,0,8,0,6,5910,
"Unincorporated Vic",8,0,0,0,0,0,0,0,4,0,0,0,0,0,0,0,0,0,0,3,0,0,0,0,0,0,5,0,0,0,0,0,4,0,5,0,0,0,0,0,0,0,0,4,0,0,0,0,0,0,0,0,11,0,0,0,0,0,0,0,0,0,0,4,0,0,0,0,0,0,0,0,0,0,0,0,3,0,0,0,495,0,0,8,555,
"No usual address (Vic.)",22,9,36,25,16,18,17,5,42,49,0,14,26,86,6,4,7,44,16,58,0,31,6,7,27,43,92,18,6,4,27,3,62,0,37,44,36,6,13,14,0,49,19,72,30,16,11,23,48,44,3,43,75,3,3,13,18,3,49,0,0,9,4,34,0,12,8,4,17,5,18,0,37,55,8,70,49,68,0,27,28,1844,0,51,3849,
"Migratory - Offshore - Shipping (Vic.)",0,0,0,0,0,0,0,0,0,0,0,0,0,0,0,0,0,0,0,0,0,0,0,0,0,0,0,0,0,0,0,0,0,0,0,0,0,0,0,0,0,0,0,0,0,0,0,0,0,0,0,0,0,0,0,0,0,0,0,0,0,0,0,0,0,0,0,0,0,0,0,0,0,0,0,0,0,0,0,0,0,0,10,0,20,
"Total",10832,9760,89337,109636,28328,42192,85948,12191,149252,174425,5509,32838,81786,264441,11563,18763,14349,127257,39082,118761,9425,125399,17324,19524,96929,134924,203981,55592,13334,5179,79119,17859,173210,14012,134928,141209,64124,6591,40953,106168,7331,70753,99740,98147,116986,46055,34724,25305,162536,102889,28406,140729,136592,15843,14651,12059,56421,10363,81603,6136,2501,25297,14492,87306,8944,25901,17489,5250,25124,29253,37019,3543,145823,173526,33134,186287,70666,135674,5989,2162,667,2656,12,3331,5195413,

"Dataset: Census of Population and Housing, 2016, TableBuilder"

"INFO","Cells in this table have been randomly adjusted to avoid the release of confidential data. No reliance should be placed on small cells."


"Copyright Commonwealth of Australia, 2021, see abs.gov.au/copyright"
"ABS data licensed under Creative Commons, see abs.gov.au/ccby"
