Australian Bureau of Statistics

"2021 Census - internal migration"
"LGA (UR) by LGA (5YRS)"
"Counting: Person Records"

Filters:
"Default Summation","Person Records"

"LGA (5YRS)","Alpine","Ararat","Ballarat","Banyule","Bass Coast","Baw Baw","Bayside (Vic.)","Benalla","Boroondara","Brimbank","Buloke","Campaspe","Cardinia","Casey","Central Goldfields","Colac Otway","Corangamite","Darebin","East Gippsland","Frankston","Gannawarra","Glen Eira","Glenelg","Golden Plains","Greater Bendigo","Greater Dandenong","Greater Geelong","Greater Shepparton","Hepburn","Hindmarsh","Hobsons Bay","Horsham","Hume","Indigo","Kingston (Vic.)","Knox","Latrobe (Vic.)","Loddon","Macedon Ranges","Manningham","Mansfield","Maribyrnong","Maroondah","Melbourne","Melton","Mildura","Mitchell","Moira","Monash","Moonee Valley","Moorabool","Moreland","Mornington Peninsula","Mount Alexander","Moyne","Murrindindi","Nillumbik","Northern Grampians","Port Phillip","Pyrenees","Queenscliffe","South Gippsland","Southern Grampians","Stonnington","Strathbogie","Surf Coast","Swan Hill","Towong","Wangaratta","Warrnambool","Wellington","West Wimmera","Whitehorse","Whittlesea","Wodonga","Wyndham","Yarra","Yarra Ranges","Yarriambiack","Capital City Undefined (Greater Melbourne)","Unincorporated Vic","No usual address (Vic.)","Migratory - Offshore - Shipping (Vic.)","State Undefined (Vic.)","Total",
"LGA (UR)",
"Alpine",8812,3,10,42,14,4,18,11,63,12,4,12,9,32,5,5,0,35,27,30,0,42,0,4,13,17,64,18,7,0,23,0,20,60,28,39,7,0,18,15,12,20,20,34,24,27,17,43,21,43,4,41,68,3,0,18,11,3,59,0,0,3,0,23,11,25,3,9,105,0,19,0,34,28,89,24,52,86,0,11,55,8,0,9,10585,
"Ararat",0,7819,136,15,3,0,0,7,5,29,3,0,5,37,15,11,23,18,4,21,6,4,17,5,23,11,48,10,12,7,20,33,18,3,5,24,0,7,12,3,0,16,15,15,54,8,0,8,9,3,19,31,26,7,14,3,3,169,11,58,0,0,20,5,0,6,4,0,7,8,0,6,8,17,6,54,7,22,10,0,0,0,0,9,9118,
"Ballarat",11,337,78916,214,46,57,91,25,257,274,46,89,110,198,283,110,179,273,53,165,26,187,102,1299,269,98,833,90,970,39,243,252,236,9,171,150,87,17,166,112,21,247,165,268,571,123,68,36,192,218,1083,388,151,88,77,38,94,250,207,421,3,37,160,184,17,82,89,10,43,182,39,41,262,174,46,630,198,194,64,39,0,31,0,101,94453,
"Banyule",8,4,72,86981,29,24,87,7,1371,160,3,43,45,157,3,9,6,3469,41,86,9,210,10,5,109,78,167,60,6,3,134,11,376,8,101,189,35,8,38,1385,12,214,253,700,113,27,106,26,297,380,25,1042,120,34,16,50,2306,10,357,3,0,19,10,347,6,10,5,3,23,25,38,0,613,2572,42,243,1030,175,5,140,4,17,0,38,107001,
"Bass Coast",8,9,16,183,24632,217,130,10,234,48,0,33,780,1172,6,4,0,152,81,489,0,149,0,0,42,99,53,24,16,0,39,3,54,6,293,523,232,7,37,147,8,62,268,112,43,4,35,37,235,81,36,130,470,22,13,38,108,7,187,0,4,685,7,120,7,16,4,0,6,10,96,0,269,102,5,87,157,712,0,22,4,23,0,32,34182,
"Baw Baw",9,3,27,54,143,37157,67,4,107,27,0,12,2903,1986,14,12,14,74,194,408,9,114,5,4,38,269,56,39,3,0,26,0,55,3,180,373,1226,6,16,53,7,20,167,81,41,20,18,21,203,18,15,81,397,7,3,27,40,0,74,0,0,323,7,97,3,4,0,4,15,18,207,3,164,54,9,85,64,335,0,49,4,22,0,42,48446,
"Bayside (Vic.)",9,0,42,154,39,33,69543,5,651,76,0,12,52,330,7,5,4,130,16,311,0,3307,4,0,27,223,81,16,15,0,133,0,69,0,2760,207,19,0,22,146,3,131,77,509,56,12,18,4,595,174,3,179,384,7,0,8,44,0,2587,0,3,19,4,1127,4,20,5,5,10,3,12,0,230,53,9,120,356,93,0,80,3,0,0,25,85434,
"Benalla",28,0,14,23,5,22,9,9889,8,17,0,26,34,58,0,0,3,33,22,33,6,31,4,5,38,13,27,123,0,0,3,3,42,15,17,45,16,0,14,13,68,6,38,20,23,13,30,66,16,14,13,13,64,3,0,26,27,8,11,0,0,6,3,17,111,3,6,0,197,0,7,0,28,44,25,40,19,115,0,6,0,4,0,16,11766,
"Boroondara",25,9,146,1012,72,88,310,22,111157,171,4,51,158,479,10,18,21,960,69,155,18,822,17,5,177,176,293,118,19,6,218,38,151,34,329,705,124,20,75,2347,19,313,601,1715,102,63,30,49,1982,377,27,664,355,39,17,49,325,13,839,11,3,84,24,2578,12,44,28,10,65,67,95,5,3582,393,68,459,2423,426,8,146,0,16,0,43,138818,
"Brimbank",5,8,67,139,15,13,29,4,143,138708,0,19,24,188,4,18,10,403,20,54,5,140,5,12,63,341,222,50,17,0,619,3,1025,15,108,73,45,3,109,96,0,3510,71,644,3123,50,56,15,154,1867,96,839,45,16,4,0,24,9,209,3,0,5,5,142,4,9,43,0,8,16,17,11,126,499,19,1079,386,46,7,135,0,25,0,85,156233,
"Buloke",0,9,37,5,13,13,3,3,8,7,4334,8,9,18,7,0,9,5,6,12,9,3,0,3,58,0,23,12,9,0,6,24,13,0,4,16,7,8,11,4,0,4,3,6,35,23,0,6,5,6,11,6,22,9,6,0,0,23,6,14,0,3,0,3,0,6,27,0,4,0,0,3,7,3,0,9,3,6,34,0,0,0,0,0,5015,
"Campaspe",3,7,74,38,22,23,12,37,48,71,5,27318,114,129,15,10,22,61,19,119,127,42,16,20,357,36,123,448,13,5,43,9,155,9,70,70,23,29,112,24,15,29,45,39,106,40,107,148,35,67,54,69,113,39,4,28,23,16,27,6,0,20,8,35,33,22,37,14,27,9,5,3,43,142,30,115,27,101,7,23,0,11,0,31,31608,
"Cardinia",4,6,35,112,324,791,113,18,272,89,5,26,68925,11658,14,6,0,147,75,986,4,452,9,7,71,2434,94,50,7,3,48,8,106,4,718,1950,378,9,18,135,24,56,645,134,89,30,21,25,1232,53,15,121,550,21,5,24,47,11,145,8,0,192,16,268,5,7,21,4,4,10,96,0,472,161,22,220,117,1512,3,114,0,18,0,48,96679,
"Casey",15,10,112,261,316,373,308,32,692,413,14,38,4210,234671,16,28,0,265,157,7386,14,1895,32,6,131,14525,235,292,19,7,132,31,392,6,3367,4064,357,10,28,489,16,171,966,483,259,126,70,38,5008,148,24,296,2095,16,8,32,75,22,381,5,0,178,12,691,15,14,78,0,17,54,138,4,1647,459,71,611,174,1200,5,187,4,29,0,129,291291,
"Central Goldfields",5,21,147,18,8,4,16,3,13,19,8,13,22,58,9628,3,6,3,9,55,6,14,5,21,104,19,41,14,63,0,33,4,41,5,21,23,9,34,28,9,0,14,34,7,81,15,16,6,6,14,33,21,59,103,13,11,11,27,4,100,3,5,8,5,9,0,13,3,0,8,8,8,17,17,3,69,7,35,7,7,0,15,0,12,11414,
"Colac Otway",0,10,83,24,7,7,23,0,48,30,0,4,10,28,0,16172,228,60,14,22,5,31,11,39,30,9,488,15,3,0,50,9,18,8,29,18,19,3,11,14,0,30,13,58,22,0,11,9,30,32,13,53,20,8,32,15,17,6,45,0,8,0,12,24,0,245,0,0,3,51,11,0,20,10,7,80,57,37,10,9,0,0,0,9,18600,
"Corangamite",5,6,107,5,6,0,8,3,11,18,0,11,32,32,9,137,11560,11,3,13,7,18,25,58,28,14,237,10,3,0,26,11,18,0,19,3,0,3,13,6,0,15,6,16,31,3,8,11,4,6,38,17,19,3,224,3,8,0,13,21,0,0,20,16,10,38,7,3,0,162,7,0,17,9,0,90,16,34,4,0,0,4,0,29,13413,
"Darebin",23,9,125,2452,58,37,175,22,1325,299,10,32,58,196,12,37,12,92290,51,104,14,371,19,14,154,111,253,111,46,0,209,10,626,21,188,221,86,13,75,630,12,493,228,1523,146,81,143,32,322,639,37,3978,161,71,27,37,652,11,699,10,7,39,16,689,22,61,21,0,43,62,40,0,534,2374,36,238,4114,236,10,233,0,43,0,77,118686,
"East Gippsland",33,4,61,97,81,207,76,17,79,48,5,17,287,368,0,10,7,52,33853,229,19,59,12,17,62,70,110,47,18,5,50,4,72,11,97,190,343,6,48,51,13,56,125,55,86,42,43,17,101,47,25,63,408,17,0,40,48,11,63,4,0,108,6,50,17,14,3,11,16,15,388,0,86,89,37,143,40,362,9,23,3,22,4,43,39552,
"Frankston",9,6,80,153,151,75,774,17,362,89,3,27,423,3104,6,9,0,222,100,94050,8,975,5,4,87,1077,102,47,20,4,79,10,100,8,4607,855,94,0,22,187,11,99,404,181,89,18,28,16,856,96,24,160,4223,15,5,15,70,20,517,5,0,86,3,365,4,8,12,0,31,19,43,4,512,126,29,173,218,418,4,57,0,38,0,74,117043,
"Gannawarra",0,4,46,7,5,12,5,0,4,16,12,94,18,28,4,0,14,5,14,25,7510,4,6,17,126,8,44,12,11,3,0,3,25,0,12,12,9,54,32,4,3,9,7,3,19,13,13,15,17,8,15,3,17,10,5,8,0,9,4,3,0,6,0,6,0,8,108,4,3,4,4,0,3,21,0,30,9,40,4,3,0,4,0,16,8683,
"Glen Eira",23,4,101,168,44,48,2867,10,1207,174,4,17,157,855,5,11,5,260,32,441,5,93639,4,8,108,660,170,39,15,0,207,19,110,10,2181,482,63,6,37,212,10,284,159,1161,105,27,18,14,2748,242,25,445,351,9,7,6,51,7,3701,5,3,53,12,3281,11,31,10,0,17,23,67,4,567,183,31,456,552,164,0,124,0,15,0,49,119426,
"Glenelg",4,16,54,17,4,15,0,4,12,32,4,16,28,34,12,25,38,26,10,38,18,11,14693,23,45,14,182,14,12,4,39,32,32,6,8,16,16,14,18,10,3,9,12,21,83,25,16,11,11,5,28,21,22,13,75,11,14,37,14,20,0,4,127,4,3,15,7,0,0,75,0,22,8,32,8,48,9,51,10,0,0,6,0,17,16506,
"Golden Plains",0,8,1061,8,8,12,11,3,28,45,0,14,28,35,8,28,20,26,10,30,3,10,21,16071,13,9,2371,11,46,8,75,19,48,0,17,22,3,0,16,11,0,18,16,7,145,14,16,11,5,25,128,26,34,8,13,6,10,17,38,55,4,4,9,9,7,102,9,0,0,13,3,7,16,24,3,478,15,53,8,13,0,4,0,18,21523,
"Greater Bendigo",39,35,298,211,47,30,82,56,174,184,120,684,146,256,206,43,22,253,87,160,269,111,25,26,87526,118,398,347,73,18,166,95,319,37,194,187,72,401,597,94,27,149,245,180,246,283,348,114,170,211,67,319,189,804,14,61,96,112,132,30,3,20,38,81,68,25,355,6,111,80,44,3,172,219,68,371,132,265,34,51,3,31,0,90,100295,
"Greater Dandenong",4,6,25,99,36,56,214,0,213,274,0,9,375,3803,17,8,3,174,28,601,4,886,5,7,36,103878,108,77,5,0,67,9,150,0,2358,678,75,3,10,147,3,142,183,264,94,55,20,14,2810,76,13,156,182,4,3,4,20,10,169,3,0,28,0,288,3,7,43,7,8,9,32,0,577,195,26,190,115,124,0,70,7,36,0,87,120490,
"Greater Geelong",70,138,1181,648,89,108,369,60,841,797,53,264,180,427,74,698,271,839,121,237,77,527,271,1494,804,264,187837,447,103,40,1173,251,745,53,406,371,199,47,368,285,30,826,361,922,918,179,215,150,496,999,416,1171,300,92,155,53,309,94,868,53,385,64,203,742,78,2457,122,31,153,583,125,21,455,649,152,3555,714,473,74,128,11,52,0,229,223281,
"Greater Shepparton",13,6,53,80,21,43,25,133,65,121,3,593,83,119,24,13,14,97,39,75,21,46,15,9,237,92,135,48202,8,5,42,13,184,7,42,83,22,4,49,49,8,55,62,85,95,49,207,736,56,47,25,103,69,9,0,46,29,13,42,3,0,41,10,37,207,3,61,0,57,15,44,13,65,173,59,155,49,121,4,23,0,29,0,138,53935,
"Hepburn",5,17,535,62,3,3,47,4,97,56,0,7,12,29,36,7,3,84,15,28,0,60,5,27,29,10,83,11,10601,0,113,9,60,3,39,14,3,4,151,11,5,76,13,125,94,0,11,5,46,53,121,114,62,60,9,3,35,0,155,28,4,3,3,72,0,15,0,3,7,0,3,0,48,21,0,102,163,36,6,12,0,6,0,6,13803,
"Hindmarsh",0,10,22,0,3,5,4,0,4,13,7,5,20,15,9,0,3,7,5,9,0,3,5,8,12,0,26,0,8,4009,3,100,5,0,0,8,0,4,3,0,0,9,8,0,11,17,3,0,7,5,9,3,17,4,3,0,0,12,3,0,0,0,4,4,5,0,0,0,0,5,0,40,6,16,0,61,0,14,30,0,0,0,0,4,4648,
"Hobsons Bay",12,0,87,117,26,13,120,13,276,720,4,19,40,137,3,19,0,252,37,64,0,256,10,15,61,70,272,26,17,3,61148,11,183,4,135,81,36,6,56,76,0,1992,72,846,451,15,23,5,167,586,74,489,64,0,5,18,50,4,874,0,8,12,5,327,5,42,4,0,19,8,24,0,114,182,11,2515,423,70,3,50,0,20,0,45,74088,
"Horsham",0,51,102,16,10,4,8,0,17,21,46,14,14,27,3,7,20,25,3,30,0,12,33,13,55,13,114,11,14,200,16,15043,23,0,16,10,11,7,6,3,0,17,35,20,25,44,8,3,14,20,24,19,25,0,7,0,0,97,12,11,0,12,62,10,4,3,20,0,4,21,3,108,19,25,8,74,22,20,221,7,0,0,0,13,17051,
"Hume",10,12,98,712,26,22,51,24,201,2173,10,49,118,402,16,15,0,1865,24,83,18,215,27,9,213,379,229,281,33,4,267,9,158647,6,197,166,59,17,999,228,14,616,158,673,1447,69,915,49,280,2564,62,7170,100,39,7,32,140,6,232,4,0,14,6,176,26,25,29,4,41,34,48,3,272,4515,44,913,289,92,0,170,3,28,0,102,189300,
"Indigo",105,7,12,37,11,7,14,15,22,18,0,24,32,29,0,0,0,23,7,21,0,10,0,6,13,5,42,17,13,0,41,0,19,11578,18,17,8,0,13,12,5,28,27,31,16,6,10,47,23,25,5,52,33,7,3,9,11,0,21,0,0,8,9,23,12,16,5,66,215,0,4,11,21,36,679,34,34,55,0,0,0,6,0,6,13792,
"Kingston (Vic.)",4,9,53,161,65,88,3849,5,643,156,5,17,310,1552,4,10,4,234,45,2259,0,3893,0,13,47,1813,86,44,4,0,124,3,134,0,107752,569,74,0,17,181,9,137,238,582,96,18,24,14,2233,185,12,297,831,14,5,17,54,0,1470,0,0,41,7,1016,5,12,16,4,23,10,21,0,549,158,22,262,357,253,0,134,0,12,0,63,133422,
"Knox",10,6,45,217,61,63,109,16,767,131,0,16,477,1669,3,9,8,184,60,306,4,464,14,5,63,923,74,56,13,0,92,3,128,4,460,113180,65,4,12,880,11,110,2771,405,98,22,28,16,4347,113,18,187,151,12,5,47,105,4,235,5,0,14,0,350,4,6,18,3,8,23,32,0,3252,273,16,317,165,2782,0,126,0,20,0,60,136782,
"Latrobe (Vic.)",16,12,51,48,189,1281,12,16,51,55,5,31,584,781,10,14,3,74,308,300,9,63,8,4,49,332,79,31,4,3,20,10,68,4,88,205,55807,3,12,35,0,32,96,48,79,23,37,26,132,44,13,76,261,10,9,22,18,12,51,11,0,326,17,30,16,16,3,0,12,12,870,0,87,81,18,108,37,165,9,27,0,20,0,78,63549,
"Loddon",0,4,15,3,0,17,0,0,9,16,22,32,23,30,20,0,0,11,3,17,42,3,0,5,338,7,22,17,9,0,6,5,7,0,8,25,0,5184,8,5,0,3,11,5,26,9,11,3,7,0,11,9,25,21,0,0,5,12,4,3,0,4,0,0,3,8,20,6,6,0,0,3,9,21,0,29,4,19,3,4,0,5,0,4,6230,
"Macedon Ranges",5,5,46,147,8,13,102,9,220,409,6,27,41,55,3,7,13,341,18,38,9,122,0,11,169,15,100,9,173,0,254,3,1440,8,90,50,22,0,35113,57,3,311,58,223,779,12,219,9,70,543,124,572,82,124,10,12,87,5,278,10,0,10,6,192,12,8,22,0,10,3,14,0,115,187,5,330,240,84,0,31,0,3,0,20,43962,
"Manningham",3,3,43,1253,29,14,77,7,2509,180,6,13,80,304,0,5,3,753,18,80,8,160,10,0,44,139,90,32,0,3,102,6,189,4,214,711,34,0,17,85968,9,172,1392,901,131,21,28,14,800,185,3,391,121,8,5,23,678,6,263,0,0,3,0,265,7,14,0,0,20,19,12,0,3329,832,13,558,424,550,0,70,0,4,0,35,104381,
"Mansfield",13,4,16,58,3,6,62,23,82,6,0,6,44,80,3,3,5,23,19,42,0,55,0,3,22,11,46,21,0,0,29,0,20,5,48,96,12,0,17,34,6284,6,83,49,9,13,23,18,27,28,5,28,105,3,9,49,68,3,51,0,0,7,5,87,18,6,4,3,33,5,3,0,56,53,16,36,45,198,0,6,13,4,0,18,8376,
"Maribyrnong",6,7,116,150,24,22,97,7,434,2101,3,38,36,127,9,14,11,483,37,89,5,246,16,20,104,132,305,63,33,3,1419,12,420,6,156,95,52,5,135,95,10,48185,98,1863,508,54,31,11,250,1657,80,969,91,40,8,8,37,6,809,3,3,20,9,545,13,23,20,6,22,40,34,4,172,210,16,1025,888,76,0,70,0,15,0,39,65082,
"Maroondah",3,4,43,343,53,39,83,7,988,73,3,8,157,428,3,6,0,306,22,193,0,247,7,6,57,210,69,37,8,0,78,10,99,4,194,2547,43,6,9,2229,6,90,77258,410,74,13,34,19,754,107,16,234,162,4,5,50,298,0,206,0,5,24,0,319,6,14,11,0,13,13,33,5,3802,197,12,139,304,4303,0,96,6,32,0,60,97786,
"Melbourne",45,17,377,608,72,100,544,22,2035,900,13,72,241,695,18,52,17,1287,96,310,12,1002,22,37,332,437,768,129,68,13,560,27,573,31,494,448,119,6,247,740,34,1190,348,47386,437,112,108,51,1372,1592,69,2034,436,78,41,30,228,19,2240,12,21,55,38,1962,29,92,30,8,53,85,92,8,1116,640,67,1096,2392,315,3,237,5,33,0,99,79858,
"Melton",0,10,282,176,25,21,41,15,129,14597,14,42,96,411,20,14,3,398,29,129,8,185,32,49,158,508,357,89,28,14,749,14,2012,6,110,113,49,6,365,131,11,1213,95,496,106898,53,91,35,278,1152,830,969,50,27,3,11,36,14,199,17,0,26,22,156,10,14,64,0,9,25,33,0,162,715,51,4120,153,79,4,84,0,21,0,88,139784,
"Mildura",9,13,89,22,0,12,25,9,46,83,33,28,36,66,3,8,9,44,14,31,15,29,12,16,125,52,90,43,15,29,22,37,45,0,30,46,26,9,28,10,8,37,32,54,54,40466,38,18,29,23,15,52,35,9,4,7,3,10,38,3,0,6,11,24,9,3,352,3,5,26,33,3,45,57,14,63,22,43,27,11,0,21,0,221,43194,
"Mitchell",0,4,42,367,23,10,24,20,61,204,0,54,49,112,3,7,3,421,16,53,6,32,17,0,101,38,86,102,9,12,63,14,2393,8,62,84,24,0,233,84,12,47,70,68,182,15,29915,45,53,182,23,403,71,14,9,154,186,7,54,7,0,3,11,32,160,3,8,9,26,4,10,0,89,2580,38,205,31,144,4,40,0,8,0,29,39808,
"Moira",27,0,36,45,34,33,24,67,26,50,4,153,66,135,12,9,26,46,18,73,12,17,9,10,68,36,92,451,3,0,48,4,144,44,46,103,24,9,57,9,18,32,57,19,81,14,71,21019,18,31,32,51,80,8,0,27,19,9,21,7,0,16,12,9,30,17,20,12,117,10,22,9,29,116,35,139,8,151,7,6,0,7,0,29,24523,
"Monash",18,10,157,266,78,139,403,15,1890,315,9,45,309,2477,0,24,7,317,77,376,9,2723,19,17,158,2763,265,137,9,3,148,29,230,18,1759,2489,156,8,36,592,17,233,446,1229,186,64,47,40,117740,218,41,343,245,23,25,19,65,10,633,3,0,90,22,1782,15,13,18,4,46,60,95,5,2631,382,48,800,316,372,0,130,0,9,0,55,147010,
"Moonee Valley",7,17,152,244,16,22,103,9,360,1980,0,35,64,147,13,7,9,636,26,93,8,231,4,4,120,60,278,100,21,0,373,10,1973,19,117,92,44,3,320,145,6,1756,85,2072,815,53,129,25,194,80645,56,3699,98,43,8,20,99,9,521,3,11,16,9,343,12,35,16,0,23,31,16,0,185,558,31,611,670,87,0,84,0,17,0,57,101027,
"Moorabool",4,14,593,49,7,11,28,0,33,536,0,15,20,67,12,15,8,77,5,37,3,41,7,96,57,31,234,26,64,5,269,19,230,3,31,27,18,4,116,24,0,165,35,78,2400,10,32,11,37,118,24099,137,26,22,5,10,24,11,47,19,6,9,12,29,4,8,0,0,9,6,4,0,42,108,3,1463,51,33,7,29,0,9,0,26,31957,
"Moreland",26,11,192,762,43,46,224,30,1016,778,14,57,71,237,8,28,19,3468,50,144,9,505,9,11,195,152,367,124,42,5,344,30,2449,28,231,213,70,5,242,402,25,905,212,2904,382,81,152,47,415,3139,47,102643,182,72,22,23,267,9,974,8,7,28,7,893,15,90,24,4,54,68,49,0,455,1115,48,426,3299,215,9,177,0,44,0,95,132270,
"Mornington Peninsula",35,10,89,494,179,138,1135,18,1297,114,5,47,451,1680,20,14,5,458,125,4431,20,887,0,16,98,304,141,77,19,8,169,21,151,16,1498,855,94,5,62,684,27,162,664,502,92,29,81,31,786,220,19,349,118776,32,6,36,300,9,934,17,3,115,16,1235,16,36,11,3,21,25,93,0,843,390,47,210,608,785,0,73,15,27,0,71,143599,
"Mount Alexander",5,11,44,99,6,7,44,0,84,36,0,13,17,37,50,13,5,255,12,34,8,73,5,3,337,14,47,0,137,0,64,0,62,7,22,26,4,16,217,12,6,92,36,129,50,9,24,10,30,81,31,261,55,13075,3,10,33,9,92,13,9,9,3,79,5,15,25,3,4,4,12,0,64,31,0,45,195,60,7,8,0,3,0,21,16500,
"Moyne",4,29,34,9,10,5,12,0,20,10,4,23,10,29,9,33,195,29,6,12,4,13,88,31,19,0,135,9,7,0,23,39,17,6,25,23,8,0,13,19,7,12,21,24,20,19,19,11,8,19,13,40,17,8,11810,0,11,12,27,4,0,4,140,26,5,21,10,0,4,1001,11,8,12,23,3,50,29,41,4,0,0,5,0,28,14503,
"Murrindindi",13,0,14,87,9,14,13,11,72,14,0,3,57,94,0,0,0,53,14,49,0,21,0,3,30,22,27,14,3,6,7,3,57,10,22,129,13,0,18,79,31,19,139,35,12,12,71,6,36,22,0,34,42,5,0,9808,160,0,34,0,0,11,3,27,6,6,3,8,12,4,11,0,64,320,0,33,29,686,4,13,0,3,0,11,12680,
"Nillumbik",0,0,19,2440,7,9,30,0,365,58,0,7,23,40,0,0,0,640,16,20,0,84,0,0,24,10,25,14,4,0,51,3,129,4,47,129,7,0,11,743,8,89,245,184,50,10,58,4,92,116,7,339,64,0,4,64,46686,0,117,0,0,0,3,121,4,12,4,8,3,9,8,0,391,1519,12,119,271,160,0,41,3,7,0,12,55813,
"Northern Grampians",0,132,93,12,3,9,5,3,5,21,24,14,14,33,12,14,5,16,6,29,10,7,15,6,43,13,90,3,10,13,3,58,36,0,4,20,16,20,14,8,0,11,22,12,52,14,3,3,16,12,17,16,11,14,8,5,19,8220,9,31,0,7,12,3,0,4,10,0,0,13,9,10,18,17,4,36,7,22,33,7,0,0,0,10,9547,
"Port Phillip",4,9,124,291,74,43,1522,12,1060,340,3,18,170,402,0,20,14,458,29,341,3,2034,8,9,122,210,281,40,30,0,459,15,221,13,816,293,91,0,94,315,16,425,211,2461,175,26,46,13,709,528,49,656,450,29,13,21,85,0,52381,4,11,26,12,2749,9,67,9,0,28,31,50,0,441,212,19,470,1189,211,0,149,12,40,0,63,74100,
"Pyrenees",0,40,346,13,3,5,5,0,10,17,0,0,8,36,78,3,21,12,10,24,5,6,12,54,5,5,40,13,38,3,7,6,12,0,15,12,3,4,6,3,0,4,12,13,61,4,0,5,7,3,61,13,23,10,5,6,7,32,12,4762,0,14,9,7,3,0,12,0,0,0,0,0,9,10,0,67,6,17,3,0,0,4,0,4,6119,
"Queenscliffe",0,6,18,20,0,0,17,3,63,12,0,0,0,0,0,3,4,26,0,0,0,9,0,0,6,0,257,0,0,0,26,0,0,0,4,8,8,0,5,3,0,11,5,36,0,5,0,4,10,35,14,28,8,0,0,0,4,0,29,0,1972,0,0,44,0,13,0,5,4,3,0,0,16,0,0,10,35,11,0,0,0,0,0,0,2820,
"South Gippsland",4,0,9,59,471,219,76,0,83,23,4,11,386,580,0,0,8,87,47,375,0,109,7,0,19,77,52,21,3,4,18,3,20,7,147,119,227,3,13,49,8,38,95,31,14,10,12,14,100,11,6,54,481,3,8,16,41,0,77,3,0,20976,0,69,6,9,0,3,14,0,99,0,91,17,8,57,79,168,3,14,0,25,0,11,26021,
"Southern Grampians",0,22,74,10,9,7,5,5,20,15,0,0,10,57,6,12,30,13,4,15,10,6,181,12,34,10,143,20,5,8,7,63,19,5,7,19,9,10,11,14,3,15,15,17,37,20,17,0,11,4,17,24,33,4,128,0,3,22,10,4,0,3,12130,17,6,11,5,0,5,64,0,32,14,15,0,48,9,22,11,7,0,3,0,17,13705,
"Stonnington",12,3,128,257,37,81,907,10,3271,133,0,34,171,514,0,24,16,324,41,274,6,2178,13,14,134,284,307,47,15,4,208,13,125,14,589,430,85,3,70,345,21,255,196,2023,99,29,18,15,1695,316,19,451,455,26,17,10,84,3,2377,9,8,43,16,56808,11,65,10,6,26,43,47,0,814,135,24,231,1378,227,6,141,5,12,0,40,79315,
"Strathbogie",3,3,13,39,11,9,12,56,30,23,8,22,28,26,0,0,0,30,5,32,9,18,3,0,35,5,29,150,7,0,22,3,54,9,11,34,3,3,39,10,37,30,14,30,10,3,306,30,9,24,11,38,50,6,0,43,38,0,24,5,0,3,5,42,7327,9,6,0,20,0,6,0,22,81,11,32,38,67,0,12,4,5,0,4,9196,
"Surf Coast",8,22,246,210,11,11,181,10,331,59,6,16,18,46,3,131,29,270,10,44,0,139,20,128,89,14,2341,45,31,0,265,10,138,9,106,64,14,7,87,81,5,219,96,293,145,21,28,19,79,282,71,355,55,19,7,3,95,16,402,6,10,14,0,251,3,22594,3,0,9,24,24,0,145,73,6,327,360,69,3,24,21,11,0,16,31454,
"Swan Hill",0,4,37,15,11,4,7,0,21,31,85,27,14,30,8,0,6,23,4,12,112,0,4,10,95,19,34,16,5,5,17,20,18,4,17,5,10,16,27,4,0,7,6,20,27,122,10,10,21,15,11,9,20,10,6,3,5,11,12,0,0,4,3,10,11,3,14747,0,4,3,4,3,10,24,5,35,9,16,20,8,0,11,0,18,16041,
"Towong",3,0,6,7,0,7,8,6,9,0,0,5,5,14,0,3,3,3,13,3,0,4,5,3,3,0,18,7,3,0,3,9,4,61,9,13,7,5,12,6,0,0,10,0,15,0,3,9,6,11,4,11,6,0,3,0,0,0,0,0,0,4,0,4,4,0,0,4124,12,0,6,0,6,5,182,8,10,14,0,0,4,0,0,0,4736,
"Wangaratta",205,11,33,31,12,20,28,266,33,21,6,21,28,65,13,4,5,75,23,54,16,22,0,19,44,17,55,62,10,0,27,3,54,167,45,49,17,0,30,36,27,44,46,41,25,20,29,148,33,42,16,82,44,8,14,17,17,0,30,6,0,7,13,23,43,13,15,20,21836,5,4,0,45,60,107,53,24,79,0,5,0,13,0,21,24703,
"Warrnambool",7,14,106,42,12,4,10,5,41,33,3,14,31,59,3,62,363,74,18,46,8,47,153,30,61,31,230,9,12,13,32,63,43,3,39,47,9,0,29,19,0,41,44,68,23,23,28,13,65,54,25,78,43,9,1199,10,11,46,28,5,3,10,108,24,0,43,21,0,12,25042,10,12,50,27,15,113,57,49,4,14,0,21,0,100,29400,
"Wellington",10,8,14,60,67,168,33,12,44,23,3,11,257,413,25,10,10,47,455,223,11,42,11,18,38,92,78,16,7,0,37,3,31,3,124,114,687,3,15,31,10,43,77,66,45,17,24,16,116,31,15,50,206,19,0,29,29,3,49,7,0,163,9,31,3,10,7,7,11,0,31170,0,79,70,12,98,31,203,10,11,0,13,0,42,36118,
"West Wimmera",0,10,4,0,0,6,0,0,0,3,0,0,10,12,0,0,16,0,0,13,0,0,14,4,0,0,9,8,9,16,7,51,8,0,3,0,10,0,4,0,0,0,0,3,3,12,8,0,0,0,0,3,8,0,3,0,5,5,3,0,0,5,30,0,0,8,0,0,0,7,0,2733,5,0,0,21,0,5,6,0,0,6,0,6,3095,
"Whitehorse",35,9,105,550,80,89,146,23,4643,254,9,33,195,655,0,19,8,574,76,178,9,645,10,18,126,471,195,82,17,0,146,18,164,22,363,1914,79,3,33,2798,16,238,1886,1383,131,46,33,28,3392,257,15,484,197,16,6,24,177,6,358,8,0,67,8,687,14,17,14,7,48,32,67,8,107958,430,53,576,596,916,11,112,0,19,0,60,135172,
"Whittlesea",25,11,87,4453,39,47,51,35,468,701,6,49,110,352,5,9,9,6532,48,123,4,218,14,5,142,314,197,296,8,10,187,22,2711,14,167,274,71,5,102,998,7,373,301,471,402,67,658,47,354,513,43,2119,149,24,8,204,2218,20,201,5,0,26,21,214,18,12,29,5,59,34,53,0,602,154650,63,582,433,286,12,296,0,19,0,68,184614,
"Wodonga",197,6,58,69,23,15,16,69,47,37,4,30,31,95,0,17,7,61,27,66,11,29,10,7,71,40,77,106,0,5,24,11,64,674,39,55,20,3,16,19,18,27,82,38,44,39,68,142,26,30,12,53,57,0,4,5,21,3,25,0,0,6,0,41,9,10,12,242,194,14,23,0,42,124,28341,65,16,72,3,12,0,17,0,35,32135,
"Wyndham",15,13,243,294,33,37,118,28,705,5079,16,57,206,756,30,24,16,899,39,201,13,1316,31,39,197,977,1516,198,40,18,5786,42,1005,7,481,274,126,14,73,203,15,2614,247,2986,1771,93,105,64,963,1186,223,1329,124,16,23,12,39,28,950,9,6,12,22,710,14,51,55,0,37,78,75,4,636,919,96,168935,494,127,3,325,0,16,0,159,206735,
"Yarra",12,12,153,778,40,52,452,5,2987,185,13,26,95,254,6,17,18,1751,40,168,3,608,12,14,122,120,363,65,16,0,194,21,137,14,275,267,68,0,88,528,33,395,318,2716,76,45,38,29,548,533,26,1620,257,45,19,21,287,8,1145,0,6,27,15,1812,11,50,10,0,43,44,45,4,891,237,23,182,44205,257,6,140,6,30,0,70,66245,
"Yarra Ranges",9,9,52,289,65,43,177,18,605,67,3,24,705,825,8,3,3,272,59,244,4,310,6,16,73,198,101,34,17,7,87,23,78,4,289,3386,71,8,20,970,24,134,6666,262,65,10,47,21,587,102,12,283,224,16,9,231,321,5,273,12,0,41,5,264,20,13,16,0,21,17,37,0,1708,189,24,147,319,114346,5,112,3,26,0,83,135844,
"Yarriambiack",0,7,34,3,4,3,0,3,6,17,19,12,20,16,5,7,7,3,0,17,5,3,11,8,35,5,27,0,5,31,0,113,18,0,0,8,7,0,3,0,0,12,3,7,27,27,10,7,6,3,11,19,14,0,5,0,3,22,0,0,0,5,11,0,0,4,0,0,0,0,7,4,6,5,0,41,0,10,4644,0,0,5,0,0,5391,
"Unincorporated Vic",23,0,0,6,9,3,9,4,8,0,0,0,0,3,0,3,0,7,4,6,0,11,0,0,0,0,8,4,0,0,0,0,0,7,3,4,6,0,0,3,3,0,3,0,0,0,0,0,0,0,0,0,10,0,4,0,4,0,5,0,0,0,0,3,0,3,0,0,0,0,0,0,0,3,0,0,4,4,0,0,277,0,0,3,485,
"No usual address (Vic.)",9,0,51,42,26,29,22,6,39,39,3,34,46,124,9,19,13,54,66,107,0,53,13,9,52,31,134,33,13,3,28,13,68,7,60,65,32,0,39,33,5,30,66,49,68,28,26,18,50,32,13,68,127,12,14,10,21,16,58,7,0,9,3,33,3,5,16,3,8,14,34,0,41,70,16,69,44,81,9,21,0,1138,0,31,3789,
"Migratory - Offshore - Shipping (Vic.)",0,0,0,0,0,0,0,0,0,0,0,0,0,0,0,0,0,0,0,0,0,0,0,0,0,0,0,0,0,0,0,0,0,0,0,0,0,0,0,0,0,0,0,0,0,0,0,0,0,0,0,0,0,0,0,0,0,0,0,0,0,0,0,0,0,0,0,0,0,0,0,0,0,0,0,0,0,0,0,0,0,0,5,0,5,
"Total",10165,9122,88538,109750,28279,42538,86473,11384,147682,175170,5088,30855,85269,277744,10935,18170,13493,124792,37291,118295,8660,123564,16250,20065,95456,136117,205903,53954,13180,4638,78107,16971,182180,13229,135829,141609,62095,6121,41368,106646,7155,69714,100395,83610,125619,43362,35433,23910,156653,103581,28862,140226,136276,15487,14265,11824,57703,9640,80491,5898,2511,24395,13631,85209,8617,26864,16905,4718,24203,28570,34929,3172,142165,181579,31164,197952,71879,136571,5472,4837,519,2322,9,3754,5195053,


"INFO","Cells in this table have been randomly adjusted to avoid the release of confidential data. No reliance should be placed on small cells."


"Copyright Commonwealth of Australia, 2021, see abs.gov.au/copyright"
"ABS data licensed under Creative Commons, see abs.gov.au/ccby"
